3708            
4               
12              
0               
1               
20              
17409           
0               
0               
0               
17413           
32              
2               
6               
0               
1               

// Volume Independent Parameters
1               
0               
0               
0               
0               
0               
0               
0               
0               
1               
20              
5               
2000            
5000            
-96             
-80             
-50             
-30             
0               
-96             
-75             
-40             
-25             
-21             
1               
0               
32              
32              
32              
32              
32              
32              
32              
32              
32              
34              
35              
32              
28              
23              
20              
19              
17              
16              
15              
14              
13              
12              
12              
13              
15              
17              
17              
16              
16              
17              
18              
19              
19              
19              
19              
19              
20              
21              
23              
24              
24              
25              
24              
23              
21              
19              
17              
16              
16              
16              
17              
16              
16              
15              
14              
14              
13              
14              
14              
14              
13              
13              
12              
12              
13              
13              
13              
14              
14              
15              
16              
16              
17              
18              
18              
19              
20              
20              
21              
21              
22              
22              
22              
22              
22              
22              
22              
22              
22              
22              
22              
22              
22              
22              
22              
22              
22              
22              
22              
22              
22              
22              
22              
22              
23              
23              
23              
23              
24              
24              
24              
25              
26              
26              
27              
28              
29              
30              
31              
32              
32              
33              
33              
33              
32              
32              
31              
29              
28              
27              
25              
24              
22              
21              
20              
19              
18              
17              
16              
15              
14              
14              
13              
12              
12              
11              
11              
11              
10              
10              
10              
9               
9               
9               
9               
9               
9               
9               
9               
9               
9               
9               
9               
9               
9               
9               
9               
9               
9               
8               
8               
8               
8               
8               
8               
8               
8               
8               
8               
8               
8               
8               
8               
8               
8               
8               
8               
8               
8               
8               
8               
8               
7               
7               
7               
7               
7               
7               
7               
6               
6               
6               
6               
6               
6               
5               
5               
5               
5               
5               
5               
5               
4               
4               
4               
4               
4               
4               
4               
4               
4               
4               
4               
4               
3               
3               
3               
3               
3               
3               
3               
3               
3               
3               
3               
2               
2               
2               
2               
2               
2               
2               
2               
2               
2               
2               
2               
2               
2               
2               
2               
2               
2               
2               
2               
1               
1               
1               
1               
2               
2               
2               
2               
2               
2               
2               
2               
2               
2               
2               
2               
2               
2               
2               
2               
2               
2               
2               
2               
2               
2               
2               
2               
2               
2               
2               
2               
2               
2               
2               
2               
2               
2               
2               
2               
2               
2               
2               
2               
2               
2               
2               
2               
2               
2               
2               
2               
2               
2               
2               
2               
2               
2               
2               
2               
2               
2               
2               
3               
3               
3               
3               
3               
3               
3               
3               
3               
3               
4               
4               
4               
4               
4               
4               
4               
5               
5               
5               
5               
5               
5               
5               
5               
5               
5               
5               
5               
5               
5               
5               
5               
5               
5               
5               
5               
5               
5               
5               
5               
5               
5               
5               
5               
5               
5               
5               
5               
5               
4               
4               
4               
4               
4               
4               
4               
4               
4               
4               
4               
4               
4               
4               
4               
4               
4               
4               
4               
4               
4               
4               
4               
4               
4               
4               
4               
4               
4               
4               
4               
4               
4               
4               
4               
4               
5               
5               
5               
5               
5               
5               
5               
6               
6               
6               
6               
6               
6               
7               
7               
7               
7               
7               
7               
8               
8               
8               
8               
9               
9               
9               
9               
9               
10              
10              
10              
10              
10              
10              
9               
9               
9               
9               
9               
9               
8               
8               
8               
8               
8               
8               
8               
8               
8               
8               
8               
8               
8               
7               
7               
7               
7               
7               
7               
7               
7               
7               
7               
7               
7               
7               
7               
7               
7               
7               
7               
7               
7               
7               
8               
8               
8               
8               
8               
8               
8               
8               
8               
9               
9               
9               
9               
9               
9               
9               
9               
9               
9               
9               
9               
10              
10              
10              
10              
10              
10              
10              
10              
10              
11              
11              
11              
11              
11              
12              
10              
9               
8               
8               
7               
8               
9               
10              
11              
10              
8               
7               
7               
7               
7               
8               
8               
9               
11              
11              
9               
8               
7               
6               
7               
7               
7               
8               
8               
8               
8               
8               
7               
6               
6               
6               
7               
7               
8               
10              
25              
51              
51              
51              
51              
51              
51              
51              
51              
51              
51              
51              
51              
51              
51              
51              
51              
51              
51              
51              
51              
51              
51              
51              
23              
23              
32              
32              
32              
32              
32              
32              
32              
32              
32              
31              
30              
29              
25              
22              
20              
20              
20              
20              
20              
20              
19              
18              
18              
20              
23              
25              
25              
23              
23              
22              
21              
19              
16              
14              
12              
11              
11              
11              
12              
12              
13              
13              
13              
13              
13              
13              
13              
13              
13              
13              
13              
12              
12              
13              
13              
13              
14              
14              
14              
14              
14              
13              
13              
13              
13              
14              
15              
15              
16              
17              
18              
19              
19              
20              
21              
22              
22              
23              
23              
23              
22              
22              
22              
21              
21              
20              
20              
19              
19              
18              
18              
18              
18              
18              
18              
19              
19              
19              
19              
20              
20              
20              
21              
21              
21              
21              
22              
22              
22              
22              
23              
23              
23              
23              
23              
23              
23              
23              
23              
23              
23              
23              
22              
22              
22              
21              
21              
21              
20              
20              
20              
19              
19              
19              
18              
18              
18              
17              
17              
17              
16              
16              
16              
16              
15              
15              
15              
15              
15              
15              
15              
15              
15              
15              
15              
15              
15              
16              
16              
16              
16              
16              
16              
17              
17              
17              
17              
17              
17              
17              
16              
16              
16              
16              
16              
16              
16              
16              
16              
16              
16              
15              
15              
15              
15              
15              
14              
14              
14              
13              
13              
13              
13              
12              
12              
12              
11              
11              
11              
11              
11              
11              
11              
11              
11              
11              
11              
11              
10              
10              
10              
10              
10              
9               
9               
9               
9               
8               
8               
8               
8               
7               
7               
7               
7               
7               
7               
6               
6               
6               
6               
6               
6               
6               
6               
6               
6               
5               
5               
5               
5               
5               
5               
5               
5               
5               
5               
5               
5               
5               
5               
5               
5               
4               
4               
4               
4               
4               
4               
4               
4               
4               
4               
4               
4               
3               
3               
3               
3               
3               
3               
3               
3               
3               
3               
3               
3               
3               
3               
2               
2               
2               
2               
2               
2               
2               
2               
2               
2               
2               
2               
2               
2               
2               
2               
2               
2               
2               
2               
2               
2               
2               
2               
2               
2               
2               
2               
2               
2               
2               
2               
2               
1               
1               
1               
1               
1               
1               
1               
1               
1               
1               
1               
1               
1               
1               
1               
1               
1               
1               
1               
1               
1               
1               
1               
1               
1               
1               
1               
1               
1               
1               
1               
1               
1               
1               
1               
1               
1               
1               
1               
1               
1               
1               
1               
1               
1               
1               
1               
1               
1               
1               
1               
1               
1               
1               
1               
1               
1               
1               
1               
1               
1               
1               
1               
1               
1               
1               
1               
1               
1               
1               
1               
1               
1               
2               
2               
2               
2               
2               
2               
2               
2               
2               
2               
2               
2               
2               
2               
2               
2               
2               
2               
2               
2               
2               
2               
2               
2               
2               
3               
3               
3               
3               
3               
3               
3               
3               
3               
3               
3               
3               
3               
3               
3               
3               
3               
3               
3               
3               
3               
3               
3               
3               
3               
3               
3               
3               
3               
3               
3               
3               
3               
3               
4               
4               
4               
4               
4               
4               
4               
4               
4               
4               
4               
5               
5               
5               
5               
5               
5               
5               
5               
5               
5               
5               
5               
5               
5               
5               
5               
5               
5               
5               
5               
5               
5               
5               
5               
5               
5               
6               
6               
6               
6               
6               
7               
7               
7               
7               
8               
8               
8               
8               
8               
8               
8               
8               
8               
8               
8               
8               
7               
7               
7               
7               
7               
7               
6               
6               
6               
6               
6               
6               
6               
6               
6               
6               
6               
6               
6               
6               
6               
7               
7               
6               
6               
6               
7               
7               
7               
6               
6               
6               
6               
7               
7               
7               
6               
7               
7               
8               
8               
8               
8               
8               
8               
8               
7               
6               
6               
6               
6               
9               
23              
50              
51              
51              
51              
51              
51              
51              
51              
51              
51              
51              
51              
51              
51              
51              
51              
51              
51              
51              
51              
51              
51              
51              
22              
22              
32              
32              
32              
32              
32              
32              
32              
32              
32              
32              
32              
32              
32              
32              
32              
32              
32              
32              
32              
32              
32              
32              
32              
32              
32              
32              
32              
32              
32              
32              
32              
32              
32              
32              
32              
32              
32              
32              
32              
32              
32              
32              
32              
32              
32              
32              
32              
32              
32              
32              
32              
32              
32              
32              
32              
32              
32              
32              
32              
32              
32              
32              
32              
32              
32              
32              
32              
32              
32              
32              
32              
32              
32              
32              
32              
32              
32              
32              
32              
32              
32              
32              
32              
32              
32              
32              
32              
32              
32              
32              
32              
32              
32              
32              
32              
32              
32              
32              
32              
32              
32              
32              
32              
32              
32              
32              
32              
32              
32              
32              
32              
32              
32              
32              
32              
32              
32              
32              
32              
32              
32              
32              
32              
32              
32              
32              
32              
32              
32              
32              
32              
32              
32              
32              
32              
32              
32              
32              
32              
32              
32              
32              
32              
32              
32              
32              
32              
32              
32              
32              
32              
32              
32              
32              
32              
32              
32              
32              
32              
32              
32              
32              
32              
32              
32              
32              
32              
32              
32              
32              
32              
32              
32              
32              
32              
32              
32              
32              
32              
32              
32              
32              
32              
32              
32              
32              
32              
32              
32              
32              
32              
32              
32              
32              
32              
32              
32              
32              
32              
32              
32              
32              
32              
32              
32              
32              
32              
32              
32              
32              
32              
32              
32              
32              
32              
32              
32              
32              
32              
32              
32              
32              
32              
32              
32              
32              
32              
32              
32              
32              
32              
32              
32              
32              
32              
32              
32              
32              
32              
32              
32              
32              
32              
32              
32              
32              
32              
32              
32              
32              
32              
32              
32              
32              
32              
32              
32              
32              
32              
32              
32              
32              
32              
32              
32              
32              
32              
32              
32              
32              
32              
32              
32              
32              
32              
32              
32              
32              
32              
32              
32              
32              
32              
32              
32              
32              
32              
32              
32              
32              
32              
32              
32              
32              
32              
32              
32              
32              
32              
32              
32              
32              
32              
32              
32              
32              
32              
32              
32              
32              
32              
32              
32              
32              
32              
32              
32              
32              
32              
32              
32              
32              
32              
32              
32              
32              
32              
32              
32              
32              
32              
32              
32              
32              
32              
32              
32              
32              
32              
32              
32              
32              
32              
32              
32              
32              
32              
32              
32              
32              
32              
32              
32              
32              
32              
32              
32              
32              
32              
32              
32              
32              
32              
32              
32              
32              
32              
32              
32              
32              
32              
32              
32              
32              
32              
32              
32              
32              
32              
32              
32              
32              
32              
32              
32              
32              
32              
32              
32              
32              
32              
32              
32              
32              
32              
32              
32              
32              
32              
32              
32              
32              
32              
32              
32              
32              
32              
32              
32              
32              
32              
32              
32              
32              
32              
32              
32              
32              
32              
32              
32              
32              
32              
32              
32              
32              
32              
32              
32              
32              
32              
32              
32              
32              
32              
32              
32              
32              
32              
32              
32              
32              
32              
32              
32              
32              
32              
32              
32              
32              
32              
32              
32              
32              
32              
32              
32              
32              
32              
32              
32              
32              
32              
32              
32              
32              
32              
32              
32              
32              
32              
32              
32              
32              
32              
32              
32              
32              
32              
32              
32              
32              
32              
32              
32              
32              
32              
32              
32              
32              
32              
32              
32              
32              
32              
32              
32              
32              
32              
32              
32              
32              
32              
32              
32              
32              
32              
32              
32              
32              
32              
32              
32              
32              
32              
32              
32              
32              
32              
32              
32              
32              
32              
32              
32              
32              
32              
32              
32              
32              
32              
32              
32              
32              
32              
32              
32              
32              
32              
32              
32              
32              
32              
32              
32              
32              
32              
32              
32              
32              
32              
32              
32              
32              
32              
32              
32              
32              
32              
32              
32              
32              
32              
32              
32              
32              
32              
32              
32              
32              
32              
32              
32              
32              
32              
32              
32              
32              
32              
32              
32              
32              
32              
32              
32              
32              
32              
32              
32              
32              
32              
32              
32              
32              
32              
32              
32              
32              
32              
32              
32              
32              
32              
32              
32              
32              
32              
32              
32              
32              
32              
32              
32              
32              
32              
32              
32              
32              
32              
32              
32              
32              
32              
32              
32              
32              
32              
32              
32              
32              
32              
32              
32              
32              
32              
32              
32              
32              
32              
32              
32              
32              
32              
32              
32              
32              
32              
32              
32              
32              
32              
32              
32              
32              
32              
32              
32              
32              
32              
32              
32              
32              
32              
32              
32              
32              
32              
32              
32              
32              
32              
32              
32              
32              
32              
32              
32              
32              
32              
32              
32              
32              
32              
32              
32              
32              
32              
32              
32              
32              
32              
32              
32              
32              
32              
32              
32              
32              
32              
32              
32              
32              
32              
32              
32              
32              
32              
32              
32              
32              
32              
32              
32              
32              
32              
32              
32              
32              
32              
32              
32              
32              
32              
32              
32              
32              
32              
32              
32              
32              
32              
32              
32              
32              
32              
32              
32              
32              
32              
32              
32              
32              
32              
32              
32              
32              
32              
32              
32              
32              
32              
32              
32              
32              
32              
32              
32              
32              
32              
32              
32              
32              
32              
32              
32              
32              
32              
32              
32              
32              
32              
32              
32              
32              
32              
32              
32              
32              
32              
32              
32              
32              
32              
32              
32              
32              
32              
32              
32              
32              
32              
32              
32              
32              
32              
32              
32              
32              
32              
32              
32              
32              
32              
32              
32              
32              
32              
32              
32              
32              
32              
32              
32              
32              
32              
32              
32              
32              
32              
32              
32              
32              
32              
32              
32              
32              
32              
32              
32              
32              
32              
32              
32              
32              
32              
32              
32              
32              
32              
32              
32              
32              
32              
32              
32              
32              
32              
32              
32              
32              
32              
32              
32              
32              
32              
32              
32              
32              
32              
32              
32              
32              
32              
32              
32              
32              
32              
32              
32              
32              
32              
32              
32              
32              
32              
32              
32              
32              
32              
32              
32              
32              
32              
32              
32              
32              
32              
32              
32              
32              
32              
32              
32              
32              
32              
32              
32              
32              
32              
32              
32              
32              
32              
32              
32              
32              
32              
32              
32              
32              
32              
32              
32              
32              
32              
32              
32              
32              
32              
32              
32              
32              
32              
32              
32              
32              
32              
32              
32              
32              
32              
32              
32              
32              
32              
32              
32              
32              
32              
32              
32              
32              
32              
32              
32              
32              
32              
32              
32              
32              
32              
32              
32              
32              
32              
32              
32              
32              
32              
32              
32              
32              
32              
32              
32              
32              
32              
32              
32              
32              
32              
32              
32              
32              
32              
32              
32              
32              
32              
32              
32              
32              
32              
32              
32              
32              
32              
32              
32              
32              
32              
32              
32              
32              
32              
32              
32              
32              
32              
32              
32              
32              
32              
32              
32              
32              
32              
32              
32              
32              
32              
32              
32              
32              
32              
32              
32              
32              
32              
32              
32              
32              
32              
32              
32              
32              
32              
32              
32              
32              
32              
32              
32              
32              
32              
32              
32              
32              
32              
32              
32              
32              
32              
32              
32              
32              
32              
32              
32              
32              
32              
32              
32              
32              
32              
32              
32              
32              
32              
32              
32              
32              
32              
32              
32              
32              
32              
32              
32              
32              
32              
32              
32              
32              
32              
32              
32              
32              
32              
32              
32              
32              
32              
32              
32              
32              
32              
32              
32              
32              
32              
32              
32              
32              
32              
32              
32              
32              
32              
32              
32              
32              
32              
32              
32              
32              
32              
32              
32              
32              
32              
32              
32              
32              
32              
32              
32              
32              
32              
32              
32              
32              
32              
32              
32              
32              
32              
32              
32              
32              
32              
32              
32              
32              
32              
32              
32              
32              
32              
32              
32              
32              
32              
32              
32              
32              
32              
32              
32              
32              
32              
32              
32              
32              
32              
32              
32              
32              
32              
32              
0               
6553            
32767           
45              
120             
20              
20              
-12             
-12             
0               
0               
0               
1               
200             
0               
0               
0               
32767           
6               
-12             
12              
-63             
-65             
-74             
-78             
-79             
-77             
-81             
-89             
-90             
-91             
-93             
-94             
-94             
-93             
-97             
-98             
-98             
-98             
-99             
-99             
-100            
-100            
-99             
-100            
-101            
-101            
-101            
-102            
-102            
-101            
-101            
-101            
-101            
-101            
-102            
-102            
-102            
-103            
-101            
-101            
-101            
-102            
-102            
-102            
-103            
-102            
-102            
-101            
-102            
-102            
-102            
-101            
-102            
-102            
-102            
-102            
-102            
-102            
-101            
-102            
-102            
-102            
-102            
-102            
-102            
-101            
-101            
-102            
-101            
-102            
-102            
-101            
-101            
-102            
-101            
-101            
-101            
-101            
-101            
-101            
-101            
-101            
-101            
-100            
-100            
-102            
-101            
-101            
-101            
-101            
-101            
-101            
-100            
-100            
-100            
-100            
-100            
-100            
-101            
-100            
-101            
-100            
-99             
-99             
-100            
-99             
-100            
-100            
-99             
-99             
-100            
-100            
-100            
-100            
-101            
-100            
-100            
-99             
-99             
-100            
-100            
-100            
-100            
-101            
-100            
-100            
-101            
-100            
-99             
-100            
-100            
-100            
-100            
-100            
-101            
-99             
-101            
-100            
-100            
-101            
-101            
-100            
-100            
-100            
-101            
-101            
-101            
-101            
-101            
-101            
-101            
-101            
-101            
-100            
-101            
-101            
-101            
-100            
-101            
-100            
-101            
-102            
-102            
-100            
-101            
-100            
-100            
-101            
-102            
-101            
-100            
-101            
-101            
-101            
-101            
-101            
-101            
-101            
-101            
-101            
-101            
-101            
-101            
-101            
-101            
-101            
-101            
-101            
-101            
-100            
-101            
-101            
-101            
-101            
-101            
-101            
-101            
-101            
-101            
-101            
-101            
-101            
-101            
-101            
-102            
-101            
-101            
-101            
-101            
-101            
-101            
-101            
-101            
-101            
-101            
-101            
-101            
-101            
-101            
-101            
-102            
-102            
-101            
-102            
-101            
-101            
-101            
-102            
-101            
-101            
-101            
-101            
-101            
-101            
-101            
-101            
-102            
-101            
-101            
-101            
-101            
-101            
-101            
-101            
-101            
-101            
-101            
-101            
-101            
-101            
-100            
-100            
-100            
-101            
-101            
-101            
-101            
-100            
-101            
-101            
-100            
-100            
-100            
-100            
-101            
-101            
-100            
-100            
-100            
-100            
-100            
-100            
-100            
-100            
-100            
-100            
-100            
-100            
-100            
-100            
-100            
-100            
-100            
-100            
-100            
-99             
-99             
-99             
-99             
-100            
-100            
-100            
-99             
-99             
-100            
-99             
-99             
-99             
-99             
-99             
-99             
-99             
-98             
-98             
-98             
-97             
-97             
-97             
-97             
-98             
-97             
-97             
-97             
-97             
-97             
-97             
-97             
-96             
-96             
-96             
-96             
-96             
-96             
-96             
-96             
-96             
-95             
-95             
-95             
-95             
-95             
-95             
-95             
-95             
-95             
-95             
-95             
-95             
-95             
-95             
-95             
-95             
-94             
-95             
-95             
-95             
-95             
-95             
-95             
-96             
-95             
-96             
-96             
-96             
-96             
-96             
-96             
-96             
-96             
-97             
-97             
-97             
-98             
-97             
-97             
-98             
-98             
-98             
-98             
-98             
-98             
-98             
-98             
-98             
-97             
-97             
-98             
-98             
-99             
-99             
-99             
-99             
-99             
-99             
-99             
-100            
-99             
-100            
-100            
-100            
-100            
-100            
-100            
-100            
-100            
-100            
-101            
-101            
-100            
-101            
-101            
-101            
-100            
-101            
-100            
-101            
-101            
-102            
-101            
-101            
-101            
-101            
-100            
-102            
-101            
-101            
-101            
-101            
-102            
-102            
-101            
-101            
-102            
-101            
-101            
-101            
-101            
-102            
-102            
-102            
-102            
-102            
-102            
-102            
-103            
-103            
-102            
-102            
-102            
-102            
-102            
-101            
-101            
-102            
-102            
-101            
-102            
-102            
-102            
-103            
-102            
-102            
-102            
-102            
-102            
-102            
-102            
-102            
-102            
-102            
-102            
-102            
-102            
-103            
-103            
-102            
-102            
-102            
-102            
-102            
-102            
-102            
-102            
-102            
-102            
-101            
-102            
-102            
-102            
-103            
-102            
-102            
-101            
-101            
-102            
-102            
-102            
-102            
-102            
-90             
-90             
-90             
-90             
-90             
-90             
-90             
-90             
-90             
-90             
-90             
-90             
-90             
-90             
-90             
-90             
-90             
-90             
-90             
-90             
-90             
-90             
-90             
-90             
-64             
-65             
-75             
-79             
-79             
-78             
-82             
-89             
-91             
-91             
-93             
-93             
-93             
-92             
-96             
-97             
-97             
-98             
-98             
-99             
-100            
-100            
-100            
-99             
-100            
-100            
-101            
-101            
-101            
-100            
-101            
-101            
-102            
-103            
-102            
-102            
-102            
-102            
-101            
-101            
-101            
-101            
-101            
-102            
-102            
-103            
-102            
-101            
-101            
-101            
-101            
-102            
-101            
-102            
-102            
-102            
-102            
-101            
-101            
-101            
-102            
-101            
-102            
-101            
-102            
-101            
-101            
-101            
-101            
-101            
-101            
-101            
-102            
-101            
-101            
-101            
-101            
-101            
-101            
-100            
-101            
-102            
-101            
-99             
-100            
-100            
-100            
-99             
-100            
-100            
-100            
-101            
-101            
-100            
-100            
-100            
-99             
-100            
-99             
-99             
-100            
-99             
-98             
-99             
-100            
-100            
-99             
-99             
-99             
-99             
-99             
-99             
-99             
-99             
-98             
-99             
-100            
-99             
-99             
-100            
-99             
-99             
-100            
-99             
-99             
-100            
-99             
-99             
-100            
-99             
-100            
-100            
-100            
-100            
-100            
-99             
-99             
-100            
-101            
-100            
-100            
-100            
-100            
-100            
-100            
-100            
-100            
-100            
-100            
-100            
-100            
-100            
-99             
-100            
-100            
-101            
-100            
-100            
-100            
-99             
-99             
-100            
-100            
-100            
-101            
-100            
-101            
-101            
-100            
-100            
-100            
-100            
-100            
-100            
-99             
-100            
-100            
-100            
-100            
-100            
-100            
-100            
-101            
-101            
-100            
-100            
-101            
-101            
-101            
-101            
-100            
-101            
-100            
-100            
-101            
-100            
-100            
-100            
-100            
-101            
-101            
-101            
-100            
-99             
-99             
-99             
-101            
-100            
-101            
-100            
-99             
-99             
-100            
-100            
-100            
-100            
-101            
-101            
-100            
-100            
-99             
-101            
-101            
-100            
-100            
-100            
-100            
-100            
-100            
-100            
-100            
-100            
-100            
-100            
-100            
-99             
-100            
-100            
-100            
-99             
-100            
-99             
-99             
-100            
-99             
-99             
-99             
-99             
-99             
-98             
-99             
-99             
-99             
-99             
-99             
-99             
-99             
-99             
-99             
-99             
-98             
-99             
-98             
-98             
-98             
-98             
-98             
-98             
-98             
-97             
-97             
-97             
-97             
-97             
-96             
-96             
-96             
-96             
-96             
-96             
-96             
-95             
-96             
-95             
-95             
-96             
-95             
-94             
-95             
-95             
-95             
-95             
-94             
-94             
-94             
-95             
-96             
-95             
-95             
-94             
-95             
-94             
-95             
-96             
-97             
-96             
-95             
-96             
-96             
-97             
-97             
-97             
-97             
-97             
-97             
-97             
-97             
-98             
-98             
-98             
-99             
-98             
-98             
-99             
-99             
-100            
-99             
-99             
-99             
-99             
-99             
-99             
-99             
-100            
-100            
-100            
-100            
-101            
-100            
-100            
-101            
-100            
-100            
-100            
-101            
-101            
-101            
-100            
-101            
-101            
-100            
-100            
-100            
-101            
-101            
-101            
-101            
-102            
-101            
-101            
-101            
-102            
-101            
-101            
-101            
-101            
-102            
-102            
-101            
-101            
-101            
-101            
-101            
-101            
-100            
-99             
-100            
-101            
-101            
-101            
-101            
-101            
-101            
-102            
-101            
-100            
-101            
-101            
-101            
-102            
-101            
-101            
-101            
-101            
-101            
-101            
-101            
-101            
-101            
-101            
-102            
-102            
-101            
-101            
-101            
-101            
-101            
-101            
-102            
-102            
-102            
-101            
-101            
-102            
-102            
-102            
-102            
-102            
-101            
-102            
-102            
-101            
-101            
-101            
-101            
-101            
-102            
-101            
-101            
-102            
-101            
-100            
-101            
-101            
-101            
-101            
-101            
-101            
-101            
-102            
-101            
-102            
-101            
-101            
-101            
-101            
-101            
-101            
-101            
-101            
-101            
-101            
-101            
-101            
-101            
-101            
-101            
-100            
-101            
-102            
-101            
-101            
-101            
-101            
-101            
-102            
-100            
-101            
-100            
-101            
-101            
-101            
-101            
-101            
-101            
-101            
-101            
-101            
-101            
-100            
-101            
-100            
-100            
-101            
-101            
-101            
-101            
-101            
-100            
-89             
-89             
-89             
-89             
-89             
-89             
-89             
-89             
-89             
-89             
-89             
-89             
-89             
-89             
-89             
-89             
-89             
-89             
-89             
-89             
-89             
-89             
-89             
-89             
0               
0               
6               
0               
-15             
1               
0               
-12             
2344            
4687            
0               
-15             
-3              
-20             
1               
9830            
1638            
655             
0               
-20             
0               
-20             
300             
300             
0               
0               
0               
0               
32767           
0               
4               
10976           
0               
-96             
28642           
0               
0               
-13             
27000           
27000           
27000           
27000           
16384           
-12             
-18             
96              
440             
6826            
6826            
6826            
6826            
6826            
0               
1               
20              
-3              
-15             
-15             
1               
0               
-6              
-6              
1000            
1000            
3               
3               
0               
0               
300             
0               
100             
0               
0               
20              
0               
20              
5               
-256            
4500            
100             
-1280           
8500            
100             
-1536           
14000           
100             
-1792           
19000           
100             
2048            
120             
100             
2048            
120             
100             
0               
300             
200             
0               
1000            
100             
0               
20              
96              
0               
20              
96              
2               
0               
200             
100             
-16             
2000            
100             
-16             
0               
1               
20              
5               
0               
20              
0               
0               
5000            
60000           
-96             
-33             
-25             
-15             
0               
-96             
-33             
-33             
-33             
-33             
1               
0               
20              
2               
1               
20              
0               
0               
10000           
10000           
-96             
0               
0               
0               
0               
-96             
0               
0               
0               
0               
1               
0               
20              
2               
1               
20              
0               
0               
10000           
10000           
-96             
0               
0               
0               
0               
-96             
0               
0               
0               
0               
1               
0               
20              
2               
1               
20              
0               
0               
10000           
10000           
-96             
0               
0               
0               
0               
-96             
0               
0               
0               
0               
1               
0               
20              
2               
1               
20              
0               
0               
10000           
10000           
-96             
0               
0               
0               
0               
-96             
0               
0               
0               
0               
1               
0               
1               
20              
5               
0               
20              
0               
0               
1000            
60000           
-96             
-33             
-20             
-15             
0               
-96             
-33             
-33             
-33             
-33             
1               
0               
1               
-1              
20              
0               
0               
90              
75              
100             
10              
10              
0               
0               
-20             
-20             
-96             
-20             
-6              
3               
50              
200             
10              
0               
0               
0               
0               
40              
22              
43              
0               
132             
0               
92              
0               
4               
4               
10              
0               
0               
1               
2               
1               
0               
0               
0               
0               
0               
-31             
0               
15              
96              
86              
6826            
6826            
6826            
6826            
6826            
6826            
6826            
6826            
6826            
6826            

// Volume 0
